means are [ 3.01667622e-06  3.95609309e-06  3.83513148e-05  3.39659589e-04
  1.28677761e-03  3.83346449e-03  6.28604843e-03  2.15339286e+02
  2.17760545e+02  2.19732180e+02  2.41115770e+02  2.61779690e+02
  2.76353196e+02  2.83391709e+02  8.89522437e+00  1.41942331e+01
  1.72671929e+01  1.35217580e+01  9.71512012e+00  5.96345145e+00
  2.61615314e+00 -2.85217587e+00 -1.64148419e+00 -5.45374904e-01
  3.84638321e-01  8.97220979e-01  1.30654044e+00  1.20730395e+00
  1.79928157e-04 -8.62362438e-05 -3.97386423e-03 -4.59735974e-03
 -3.54227989e-03  3.49529345e-04  1.80458737e-03  2.01652698e+05
  1.33495770e+05  1.01584005e+05  7.06203052e+04  4.13173543e+04
  1.43377802e+04  1.25658642e+03]


variances are [9.86339531e-15 2.13782057e-12 9.88166434e-10 7.90394919e-08
 1.02906359e-06 3.47123867e-06 4.05107880e-06 4.11364306e+01
 3.12419860e+01 2.23706880e+01 3.21556437e+01 3.09962821e+01
 3.23362554e+01 2.37498106e+01 2.19680722e+02 1.18605284e+02
 2.77806173e+02 1.87029438e+02 9.95513152e+01 6.95099403e+01
 4.24721557e+01 7.04142919e+01 1.31513990e+02 3.78816734e+02
 2.46630123e+02 1.20864558e+02 6.86186300e+01 4.12416153e+01
 4.37033829e-04 2.32049582e-03 1.40211874e-02 6.35610834e-02
 8.79819075e-02 8.79481518e-02 1.00423255e-02 1.14382107e+07
 6.20675849e+06 5.98803823e+06 3.80453593e+06 1.93595202e+06
 1.02589211e+06 9.51836078e+05]


stdevs are [9.93146279e-08 1.46212878e-06 3.14351147e-05 2.81139631e-04
 1.01442771e-03 1.86312605e-03 2.01272919e-03 6.41376883e+00
 5.58945310e+00 4.72976617e+00 5.67059465e+00 5.56743048e+00
 5.68649764e+00 4.87337774e+00 1.48216302e+01 1.08906053e+01
 1.66675185e+01 1.36758707e+01 9.97754054e+00 8.33726216e+00
 6.51706650e+00 8.39132242e+00 1.14679549e+01 1.94632149e+01
 1.57044619e+01 1.09938418e+01 8.28363628e+00 6.42196351e+00
 2.09053541e-02 4.81715250e-02 1.18411095e-01 2.52113235e-01
 2.96617443e-01 2.96560536e-01 1.00211404e-01 3.38204238e+03
 2.49133669e+03 2.44704684e+03 1.95052196e+03 1.39138493e+03
 1.01286332e+03 9.75620868e+02]


